# ==========================================
# 0050 科技成份股 (已含台積電、聯發科、台達電等)
# ==========================================
2330
2317
2454
2308
2382
2303
3711
3231
2357
2379
3034
2345
6669
3008
2395
4938
2408
2327
2360
3017
3037
8046
0050
0052
006208

# ==========================================
# 純千金/高價指標股 (剔除 0050 已有項目)
# ==========================================
5274
3661
3529
6415
6643
3653
3293
3443
6223
6510
6683
7769
1590
6409
2049


# 我關注的股票
8299
3413
4919
3217
3189
2383
2368
1476
2313
6278
2497
1513
3447
5289
6719
6531
6147
6285
4938
2449
8155
3163
3081
3363
3665
2915
3036
9945
2342
6213
2371
2441
2356
2301
4768
6715
3167
3324
6239
6217
6104
6863
2449
2492
3049
2313
6770
2344
1303
3481
2303
2886
2301
6213
6239
2881
8046
3406
3006
3665
2890
2881
3450
2882
2368
2472
2812
6285
3036
2377
3167
3017
2376
4919
2385
2316
2345



#傳產
2610
2618

#建設
2348
2524
5522

